

Solution of the primal variables, x
x[0] = 0.000000e+00
x[1] = 0.000000e+00
x[2] = 0.000000e+00
x[3] = 0.000000e+00
x[4] = -2.228415e-01


Solution of the bound multipliers, z_L and z_U
z_L[0] = 6.060606e-12
z_L[1] = 6.060606e-12
z_L[2] = 6.060606e-12
z_L[3] = 6.060606e-12
z_L[4] = 7.118074e-12
z_U[0] = 1.000000e+03
z_U[1] = 2.500000e+03
z_U[2] = 2.500000e+03
z_U[3] = 1.286109e+03
z_U[4] = 4.079540e-11


Objective value
f(x*) = 5.495341e+00
